100
588	-4038	2800	-2879	-501	-3641	3591	4085	-31	3450	114	222	3024	-4332	-929	-9	2319	-3435	-143	1808	-1852	1582	4433	3892	2909	-4579	810	4331	-4344	-1863	-766	4304	-3796	-3126	-4134	-3341	1088	-963	953	-78	-3726	-1842	-3804	554	-2372	1211	-2952	-3122	544	99	-2932	2636	-1617	-1529	91	-4651	3036	-1215	-3690	2428	3451	2906	2081	-3192	2774	-3053	-1664	-4040	-3364	-1467	62	-4373	-4896	-3527	-2249	4843	1904	3391	1666	-3128	580	3562	-2543	2495	83	-1999	-2616	1856	-3828	-327	549	670	-868	-302	3286	-3951	-370	3301	-2189	4053
-3402	2285	-4455	1358	4687	3936	2946	1328	-3908	2930	-4497	-1790	4277	82	-4347	608	-4986	-4223	3999	-777	748	-3521	338	-3437	-4976	313	3906	3063	-1469	-1434	581	-3109	-958	-3572	-2983	-4932	-3360	1863	1601	-3144	416	1723	4407	-4610	2273	3288	-73	-595	1937	-1260	4180	-4109	3717	696	-2366	265	2725	-3759	2486	-3838	698	-1111	2059	1631	-2076	-3933	686	-2636	-3760	4420	349	-406	-2859	85	-1804	1612	-1588	-3236	1470	-1709	-3299	-4445	-3535	-1311	3990	1456	3336	3477	-930	1949	-4480	-3193	-1079	-207	3601	1969	-1501	2630	-2132	1360
1548	2132	4327	-4285	-993	-1267	-1786	-2077	-3325	-2792	4712	1547	780	-3767	2109	3903	2748	3489	-3198	-2206	3559	-4106	4538	591	-1861	-3848	-477	1438	-3597	4835	1079	1654	1701	-1597	1864	1399	-1573	-3642	-1221	-1702	4307	3556	2933	-1218	-4793	-3239	4969	-3318	-1623	-730	-2282	-479	4462	-4970	875	324	-4592	1518	-1223	1095	-1897	-220	-324	3972	-1032	3918	3855	4867	-3518	2058	4289	-3661	-3311	2898	-1284	-3612	-3161	3486	-4149	-4770	2251	683	-1098	-4468	4548	-1377	2615	-517	3835	-2831	1255	-3515	3013	-4028	1115	4301	4558	3534	-3991	-1963
-351	-1757	3174	277	-3357	4023	4378	-201	1814	-3090	-1696	2328	-765	3805	3297	-3178	4295	-3322	-4664	-4341	-4089	-3009	-4436	-1899	-3180	-4888	-2283	-4035	-4876	3523	-4370	-779	-1084	-4676	1801	-2558	4884	1606	1572	-2480	-4101	2846	220	969	3252	4648	-4611	-17	3133	-3592	3787	-173	1124	412	3433	-3736	-3017	-2769	-4542	-3756	2947	-3600	-3002	4803	3327	861	-1354	3357	806	-3506	-3255	-4799	-2331	-3421	-352	2307	4818	4770	-4587	-1758	-2465	4425	889	1142	2316	-1913	-4705	3874	4501	-4744	4999	-18	1481	-3761	-3168	2584	-3486	-2275	3675	-3973
2588	2116	-4704	-1698	-2585	-4417	4324	-4758	4272	978	-3454	3536	2194	3026	-3107	1677	3670	-3077	-4217	235	-2237	-4546	80	2437	-940	2410	2026	-2014	-4894	-2946	-1927	-2397	-4806	-4934	3600	-924	4068	651	4218	2117	3629	-3048	3738	-4583	1295	-4462	968	-4833	2284	-460	-3544	2611	-83	479	-533	-904	-2963	-2265	-2051	-3696	2782	-1286	410	4074	4283	366	-4338	2770	2394	-3442	3913	3056	1725	1382	-4842	-2938	2699	-2326	2387	-2133	-2714	-3154	-4189	626	1444	274	-764	-126	4478	-2371	4061	3146	2149	3983	-186	3838	-1402	2192	3801	3692
4983	-4739	-3298	47	-2766	4804	4798	-927	-4804	3626	3470	-2998	-2460	374	-4848	-2918	-3888	3344	-784	1281	-1741	-3235	2275	2623	-2080	-622	3306	-432	3594	3402	1644	4914	2085	-3414	-3377	3761	-3747	3049	-2453	1424	-4029	1828	-4498	-3054	-1188	-601	-3666	4052	-620	-1625	1065	-4958	1829	-657	-3464	-502	-44	-59	-4537	-977	4816	-1525	1882	4661	849	2838	-4114	3393	-2591	2740	4962	-1207	1950	3584	-24	2314	3328	1690	-3797	3183	-4772	682	1944	3788	1474	-4965	2294	-2161	3891	-1618	4368	3465	2955	-2982	1815	1702	-2391	122	2629	4625
-4786	-3660	-2432	-2892	-1670	4041	3876	-2463	3342	3181	-1013	-4872	3339	4690	4988	-4140	3699	-2613	700	4589	-3639	-3895	-2097	1220	-3273	-611	-3140	2505	-4576	747	805	3421	548	1553	1378	1397	66	1627	866	-167	2963	-994	2924	-1288	3192	-1951	-3165	3439	3696	-3734	2419	-3821	250	2471	3215	2535	4182	1951	-2387	3031	2749	1318	-3590	3864	-3492	3466	-2335	4177	-2096	-2310	955	-472	4660	-1644	-565	734	-624	-2761	-1153	1480	-4358	1241	4827	1988	820	3383	4250	1909	-635	4960	-3566	3180	-4919	2855	345	2364	-2070	3685	1128	-1600
3732	2454	3017	885	294	-4828	-1934	-1551	-2620	2229	177	-3870	3382	-775	-483	2882	-2966	3714	-705	-3746	-37	-4006	-1774	3234	-3953	-3719	-1886	-1866	-4738	-2582	-4914	2883	2506	-3652	-2945	1364	1077	3866	1418	-2059	1585	761	1786	3674	-1295	-4622	-2590	-3614	2499	-4016	4768	454	3171	4296	654	3118	4695	-4777	-3023	1490	-438	-4930	-3831	-4854	3522	-3842	3345	1427	-2199	952	-3200	-1624	3444	2845	43	-536	-1302	133	1650	-2936	257	4048	-4987	2545	-1589	1053	-709	-2638	1283	604	-292	-919	-1905	1032	2642	3720	-1619	2646	2723	2502
2915	255	-947	-4456	-2984	494	3282	2957	3366	3603	-2322	1163	-4940	3561	-4398	-96	827	4187	-2724	3172	4853	162	2297	2886	4796	4942	4189	1330	-558	3112	1560	-1893	-1373	642	-2686	-3401	4491	3212	4056	-4311	-2867	2580	1098	4653	-4637	2719	754	-468	2243	-1360	-2702	-4798	-2610	-1552	2504	616	1100	-547	4680	-3732	2120	-2778	1346	-3949	-4356	430	-3633	-4755	-4785	-1575	-3333	4812	-1122	2843	-353	4471	204	145	249	-99	-2916	-2994	2299	-2995	-3038	-3971	-3283	3075	3475	3922	1482	-2910	-461	4058	-462	156	3266	492	4696	3896
-4099	1646	-4062	-2034	1477	1377	4252	-1571	-2412	4146	-190	1539	-3941	-1504	3991	-1657	-2968	688	-4620	-315	3941	-4700	1997	-1503	-1633	-2305	3893	1313	940	3093	2713	3530	-4449	473	-81	-192	-2842	650	4858	-1072	-4452	-2083	-1027	1101	-1873	713	-4469	1374	-4669	2007	276	355	3392	4246	-1488	-47	-4597	629	-3256	-3115	3019	835	-1224	746	-4861	-4098	4486	815	-380	-4238	569	-4567	3435	1936	4981	-970	-2705	1214	-2854	3823	-1805	2254	3760	501	-3173	1287	523	2463	3141	-895	4320	-267	2171	-4897	3702	3507	4314	4924	-3793	3505
2124	-4960	-980	-2374	100	1759	1718	-4357	-3232	-3143	3797	1614	-3345	-191	1487	103	-1263	500	3920	-3872	-4937	1671	4282	-2844	-2295	1207	-52	2597	3803	-3803	4980	-1175	-4430	3543	-177	-3074	-1612	-1158	-3366	3915	-4197	-3219	-4510	3810	413	1210	4591	983	-4085	-15	-637	3964	865	-3667	1609	-3275	4349	-3203	-3388	230	3319	-3370	-3293	1476	3182	2408	-1356	4247	1929	1722	-2149	-4629	3886	2417	131	-1976	-1447	-1318	2078	956	-375	2918	3267	4824	-4360	465	4270	-2729	-1160	1676	-2082	-2040	3884	-877	-3942	2186	-1802	1483	-990	-4746
3643	-4716	-2697	-2967	-1496	-1358	-3645	-1844	2573	1754	-1613	-1611	3654	-2520	4672	864	-1398	725	-1102	4164	-3827	-1471	2256	-636	3927	-653	-2296	-2443	-968	3995	-2338	-2501	-4120	-2651	1343	-4366	-4985	2156	-1840	-4684	262	1159	1404	-4446	-880	1887	3422	-1119	4509	-2512	-2986	-3891	-1777	813	-3630	-4208	-247	4922	-4860	2209	164	-2032	2559	3560	1736	2726	-1832	3041	-3413	1528	-1250	258	-4636	112	-1016	-1723	-4778	-485	-2694	4201	-4432	-1172	-4661	-2751	140	-2747	-1097	-1099	-1266	-4687	-1798	467	4503	-3773	4242	3096	2664	-1004	-2457	1170
-736	-4715	1649	3187	-2165	511	2921	977	4490	-4262	-4183	3688	-1314	-2749	675	1620	-1135	-539	2135	2182	2456	-3964	2215	-3999	-1997	-80	-3387	1784	-3380	-489	420	-2450	1710	3204	-2863	2766	3199	1971	-2256	-1727	3374	1498	3557	-2514	933	-2214	2798	1042	-1255	1172	-407	3332	-3867	2617	-4195	296	-1680	-2532	-1259	-3972	-4615	521	-1126	3360	1282	-2039	-4079	-1522	1359	-1796	2977	722	3558	4787	-2467	3666	2406	-395	1323	1451	2370	-387	3223	2432	4153	4531	-3532	1144	2647	-2299	3197	3659	-3668	3953	-4322	-4933	1970	1368	-693	2178
-2490	-4843	4832	-999	987	-2086	-697	-2234	-4336	4319	3709	2402	-319	211	-1669	-4204	-1622	3598	-1700	3432	-628	3200	-3485	-19	170	4635	4831	-1739	-3700	-2440	3008	1429	-1526	4530	1811	1767	-2603	-1069	4495	-3027	-4856	3950	-1925	1353	589	-71	3244	3053	-1760	-1440	4330	-1297	1877	-4761	-156	-4989	1822	-3621	-1916	2166	922	2295	3769	-2647	3377	769	-3781	3573	4614	3664	4156	-3646	1468	2022	4239	943	2547	-3197	-4392	4814	3298	3296	1880	4031	-2000	485	-846	3276	2107	326	1324	2173	3882	-3305	-4206	3665	2096	1698	2663	631
3309	1895	-1815	3385	4361	-3741	497	3473	-4263	-1604	-2623	18	-3033	3042	-1024	-1931	-1193	-1694	-346	-2325	-3052	-3196	-1381	2016	4984	-4253	2051	-3769	3322	3335	-4523	-2712	-1443	3294	-4997	657	939	-4752	2363	1152	2980	-4286	1987	1229	2790	-2606	-3439	4170	-4420	3555	1578	-1877	-3312	-3802	1891	570	2201	4001	3098	-3861	-3323	3261	-3523	2989	-252	-208	-3927	-3478	-3758	1743	4809	3782	3117	2625	4369	2514	-3306	-3906	-661	823	-4703	4743	3986	2811	-742	-4002	3260	-128	1955	-1073	-609	-4915	3693	1931	-4152	4956	-714	-1492	-652	-1300
-4993	200	311	3588	225	-3823	110	-4811	4227	1527	4350	728	-4701	-3124	1827	2134	105	-2740	-295	-4117	802	1196	1994	3255	4457	3062	1001	-103	2988	906	1685	3792	403	-4942	-1943	-1523	-3605	-1991	4121	-4266	2522	3350	4428	-112	153	2585	3966	4463	34	-158	-1187	2325	2727	-1958	-4555	4808	-3047	-2721	-3603	2289	-1785	1704	779	2017	470	-1614	1103	-2350	3781	-258	-187	-776	3663	4514	3925	3478	4216	2429	-3649	-1654	-4169	2475	-2053	4489	-1990	3467	75	1739	-4138	4325	1838	-2327	-2300	-2588	-3586	-2706	1692	-4	-4111	3449
-561	-2337	4515	2147	-4656	1590	1131	3418	-3557	-560	2028	-3075	-3078	2984	-1316	-4486	-149	495	-1457	1694	3762	-3965	-1921	-492	4594	1924	736	2288	607	2839	2485	-3994	-4625	380	-505	-3296	-3304	944	-3356	-4230	-3505	9	-4618	4040	-4203	4702	4737	2986	-4282	2524	2912	1240	150	2416	-3332	-3575	3037	2157	-686	1535	-384	1294	-2130	1321	-2553	735	3002	-2570	4102	2048	3304	-1341	3437	-1181	-2474	-4881	1706	1788	-1473	-4415	1889	-4205	-1650	339	3527	578	563	1898	-1797	-4335	-4396	692	-4367	643	-2261	432	-2008	-2997	1054	-4224
-2624	2868	-356	1129	1530	927	2343	-4067	4915	-899	-2284	4727	-235	4504	1683	401	-3477	-4975	-343	4302	2169	-4711	-4493	1629	-2091	884	4362	1632	-4982	4848	-744	3231	752	-1143	3923	4364	1084	-3100	3657	-4541	2401	-1481	3494	1744	168	3313	2152	4297	999	2003	304	4004	1335	-4577	4417	4526	-808	11	3940	-2770	1041	2004	423	4552	4826	4097	1824	213	-4406	995	2483	2641	1265	4901	-2402	-1490	1091	2326	-4779	-4827	-245	-4654	-4867	-1392	1352	98	-1989	-942	480	-2832	-4899	-2203	1058	-2242	-4330	-4092	986	-4179	315	4682
297	565	-695	-4640	-1298	719	1204	791	3871	3681	-3617	1205	3631	2031	3551	1670	4728	-678	4575	4963	1611	4918	3225	4756	-2857	1213	1833	-210	1292	-1635	-2605	-831	-534	-969	1713	-4789	-2095	-894	-3101	4392	48	928	4344	-38	248	-4444	3888	3457	797	4731	3653	1920	-4494	699	3312	2665	-1001	3047	-4823	-2754	2594	4866	2315	2736	2317	773	-3501	1513	-4386	-3252	-1783	1345	-739	964	720	487	-4769	-2271	-1962	4043	801	-230	307	641	2527	-2129	2589	-1015	-2002	-576	-1177	4024	-414	-1454	-3146	-3445	-4931	271	1164	2976
617	3815	-3883	-670	-3446	1373	-2317	-975	-750	3960	-2813	-2197	-3669	-826	4273	2852	-3540	4343	3722	-976	-2425	-3945	1296	-1643	1766	-113	137	-3548	-912	-3636	-421	-2036	-2767	4972	-1070	2442	2875	-3390	178	-4802	-4091	1720	1755	-240	-1935	-1947	4065	3368	2572	-2848	1120	-2884	3938	-1352	4011	1728	-939	1914	-301	-265	-4834	2932	2327	-2736	2184	-4228	-1792	-3457	-1762	-570	-473	-951	3352	-3918	-1584	-3606	-3739	4070	980	-3131	-1542	4615	4377	-4139	1403	-2267	1150	-3418	1237	-4400	-4747	4939	-2710	3625	-331	-3103	2551	1965	-3164	1973
-1353	-2349	4232	-2771	1411	273	1097	-3151	-2205	-4304	-956	-3549	3177	888	1921	3490	-2783	-2496	387	-4708	3429	441	247	-484	4701	-2125	-896	-3210	4708	4523	4137	2797	-1753	-2774	-4470	1215	2992	-683	-1148	2415	1415	1291	-25	4226	-774	-376	4574	660	-1845	-2975	-1167	4799	4494	-2411	859	135	-4630	3509	-985	-2446	-4534	3302	-2821	2616	-1579	1244	-1424	2850	3048	2533	-1985	-1513	2598	-1835	2801	-1014	3268	-2808	-1838	4551	2373	1447	-2680	3829	331	241	443	-4657	540	-2005	535	3650	3783	2689	475	-4836	3813	2180	4676	-4840
524	-1277	-4153	-1944	-3528	899	4639	-142	-1430	-883	-2469	4954	-1729	-2246	1861	-2629	-4949	1905	1709	123	-828	-1039	4431	-4258	2520	-1662	1537	4571	-3865	3151	-3824	84	-4221	-2586	292	-1063	-2541	-1833	1492	3686	-1671	2917	-4994	4602	-1162	-4375	-1431	4028	2542	-712	2250	-127	69	4109	-923	186	1807	4996	4805	-2905	1858	-2316	-332	-2009	-2399	2579	-362	1337	3587	3821	-3278	-2708	3095	2999	-1749	4119	3620	54	-1806	4090	-2065	-2445	-2820	-512	2765	-3012	461	945	3589	1493	886	1598	2450	2	-660	-2193	2030	-2243	3937	-863
1996	-1107	1264	1369	-3447	-1346	125	-843	2352	2488	-465	4961	29	-3789	4811	203	694	3445	2813	2519	-2567	830	4014	-4685	1536	-2775	-4331	-1324	-4391	1510	4886	533	-1000	-2160	4938	-2798	3672	-2476	-4728	-2236	-1061	4326	-3858	-1491	3982	1176	1146	2008	-2061	3585	3602	1392	3506	-2260	-2609	-3444	78	3318	-2592	1502	4781	-1245	-273	-3966	-144	4907	2500	-3638	3102	-475	3476	1306	3025	259	4997	-3019	4008	4815	-1296	-704	-735	-1127	493	-3257	-4730	3208	3369	4849	-1085	1080	-782	-1554	3364	-1370	2709	976	-3574	2480	-217	-3133
-922	4465	-1598	3085	-4607	2576	1980	-280	-3558	2869	-855	2259	1372	-307	-4947	3932	2139	-797	711	1195	-3878	2225	553	-1605	-2953	2253	-3531	154	-441	3213	-2939	-3206	-4148	3756	-2579	3340	1064	-3307	-1761	-4261	-2654	-684	-4199	-3404	-403	-341	-4210	3227	-480	-1383	3902	693	622	947	-690	-4413	-1407	2771	1420	-2518	2311	-4237	3169	3055	3170	478	-425	4424	-2166	-4433	914	-2709	4709	-1660	1045	-2516	-3155	3293	2113	431	3592	4649	2982	4966	2762	-2900	3144	2706	3239	3502	4186	-89	2095	2667	371	-226	4360	-4957	-3836	3616
-3410	-3516	1938	1060	-3116	4171	4944	2168	3394	-3710	-2972	-2584	-4743	-2576	228	3100	3503	1179	-4369	408	-909	2440	2690	-4698	1954	-3713	2100	-3058	-2645	712	4410	-2569	49	-3041	4163	-891	4197	1090	252	707	-680	-313	-3199	-2896	-4075	-54	2960	2546	1908	-4308	-162	4670	3484	-4289	369	-1489	-1968	2012	-2786	3697	-647	-4927	-2438	4535	-1672	-4767	-1010	-318	-3270	1679	-2764	-2473	1538	749	-3042	1804	3166	-4946	-732	3311	3238	-3317	2318	-2409	-2188	-3355	-4617	4107	-4702	826	-2701	-4142	2266	3771	3703	1967	-2190	2037	-2875	2400
2366	-4164	1365	-2207	469	1637	2730	1357	1621	-4030	4050	-4539	302	-1395	4449	4671	-1321	-773	4871	-2183	-4649	3194	1761	-423	-2700	-2153	795	1934	-2280	-3367	1074	2892	-2318	-1319	-3208	-3709	1847	-4141	1449	-1636	-3688	3447	-2925	-1875	-309	-4750	1371	-2213	963	4979	1540	-2011	1356	419	2453	4133	3081	-2745	-1194	31	-2737	3039	-308	-822	-1647	4081	180	-3594	428	-3394	4132	2304	4389	1249	887	260	2913	-3629	4009	2071	-2598	-2419	-4070	-3030	-1860	-604	4950	3278	-4971	3372	-1108	-1422	4697	3984	4256	-1843	2371	-913	-2868	-3112
-4291	-593	4394	-2902	3872	-1716	4881	-1699	-1347	3582	-1590	4181	-4517	2694	3229	2671	-4174	-664	-4474	1190	4656	3052	1260	4859	4782	817	3710	3000	-2912	-3120	3627	-1171	-4014	-2208	-3627	-3798	4861	160	-590	483	3241	555	3817	-3992	2412	4823	-3320	1753	-2672	-42	2474	778	-3308	3279	-3104	-1083	-4423	-3343	-1420	2856	3926	2438	-3632	-979	-4877	981	-2054	-882	-1816	4165	-928	4269	-4001	2270	-1095	-1825	-3882	2609	-1103	4261	4825	-2241	-215	-3519	1254	1581	-959	-2461	2858	4917	343	4473	-4084	4379	-866	-901	-2287	-1675	-2332	-3814
-1228	-2811	-2376	2462	4534	-2447	4391	-1480	-3936	-287	-3962	298	-4659	322	-3083	2865	3962	1989	4033	2956	1488	-1351	4402	-1026	-285	-2765	-2064	-1367	-3886	-457	-594	-4324	2792	2752	1203	-3443	-2988	-396	-3846	-325	-4663	-543	-4129	4440	-3	-2572	4559	-1646	-4678	2183	-3246	-3024	-2894	176	499	-1239	3273	2090	1832	-1307	-3825	-2120	4401	-906	1182	3323	-3980	4089	4035	2779	3959	-1045	1711	-4207	-1058	-3374	1896	857	4742	-2329	-3922	-3989	4150	-4748	2308	-2681	721	-4917	-4557	-4762	3004	268	365	2220	-1502	-4891	1426	-2204	1187	4913
3291	-4612	-4508	3248	-2750	-600	-918	-1271	-3352	-2643	669	-4759	-2845	1570	-3947	1734	-218	-4215	13	1930	72	-4884	4579	4200	4738	350	-4216	-3768	-4826	3299	-4209	4147	-616	992	-1168	-1952	-2595	-3607	-183	40	1529	3209	1286	-2218	3518	1565	3131	-3976	-355	-1405	111	-2052	-3663	2722	4726	1900	-4483	4206	3389	-2171	367	-2068	1599	-57	-513	-623	-3162	1839	-1548	-3679	-4427	2799	4037	2153	-4967	-1460	134	4734	-1818	3807	-2617	264	-2289	-262	-3205	1902	-53	-3436	1398	4072	4834	-2251	3860	-4784	-4119	-443	3590	-286	-4118	3568
-36	4243	-228	-3276	3130	-4434	-3365	4513	16	2195	4225	-638	-699	-853	4745	256	-4303	4303	1566	161	-656	733	-3648	4275	-3862	4215	960	-236	-4674	4655	-2922	3619	-1453	-1737	-4296	1564	4603	-3581	2815	-4501	-3359	-4736	-3440	3094	-4807	-2172	-817	-2743	-3371	2321	4692	3934	4340	-2360	-3822	-4742	4456	15	2503	-1100	-3770	-3783	-2999	2172	1316	4837	536	-3493	-1463	-2755	1556	3156	3150	193	385	948	4629	1401	4441	2950	392	1500	3326	-1814	4288	-564	-4878	-1639	-146	1469	2063	-2071	-2359	-2777	-4733	1647	1126	-3537	4888	-708
1008	1116	4802	-4526	4245	4753	-3915	1563	-538	2969	-2224	-4665	3491	8	4249	-1993	3747	-2100	-4614	-51	1033	4403	-2862	3774	-2145	1894	3089	-2298	-4732	1010	2376	-1252	-3398	4941	2130	4876	1402	1174	-3784	2271	2804	-3483	1191	3058	-4317	-3525	3952	2593	-1115	611	2724	1197	-2607	-1320	4850	-4604	1040	-717	1730	-1595	3320	1927	4443	1696	517	-1830	-291	-3156	-1299	4400	314	-1923	-3897	285	-2524	-4454	-3902	-4605	-2306	-3937	-1056	615	716	-1955	4556	-4923	-2888	4686	-2923	414	3329	1258	-1872	4797	3152	270	-3137	4641	1038	-557
-2255	-2047	2040	1290	-3141	1130	-4591	1031	3644	938	-2838	1081	4205	-1141	-65	-404	869	-3577	2154	158	-3381	435	-2935	-1333	2686	-1546	-4585	-2776	-1327	623	308	2000	2745	-4995	-1212	1790	-2152	1390	3245	4237	3599	-4000	4157	440	-2649	1111	1721	-1131	760	1029	-1616	-2057	-11	2949	1772	4393	-2683	4617	4627	-1403	1561	-2908	-1667	-4741	-1936	-881	-4795	1600	3020	-3406	-4323	-1505	1308	-1652	-3584	-392	-26	-1448	895	4975	4520	4995	1866	1436	-3542	4091	-1128	717	-738	1680	4159	377	-3264	-2235	3135	2080	799	-3567	2658	637
-3004	-3267	-1498	-727	-1290	1461	-1050	2403	-1075	-1096	-671	4967	3370	-1754	-3779	-4302	2822	1086	4845	2348	2553	-2075	4210	1854	-3351	172	-3780	2244	233	-3517	-865	4973	-4602	4305	3253	4415	2644	-752	-4596	874	-365	1224	-4808	4817	-3330	-925	2346	-3260	-1146	1061	2534	-578	-4124	-4938	-3160	2238	3488	1227	-1733	3968	-3879	2010	-667	-1235	3919	-4321	3305	678	-3919	-681	-3959	2191	-4472	2786	2353	1883	3398	4810	-1066	-3060	-1685	2526	129	-3905	4179	4898	1520	1976	4732	4062	2619	422	-793	4892	2444	-2521	-3491	2562	-1386	794
3375	4952	3468	832	929	800	-1933	-3573	-917	4423	2513	-4488	-1878	-4956	-814	-2523	-2970	427	3249	4385	-1264	-1961	3949	3673	4761	-3714	-3184	1886	527	2654	-2608	1554	-1755	-4214	-2286	1454	1248	3119	-2018	-2886	-3221	-4757	3572	-2753	-1771	52	2482	-952	2914	1628	-1161	-1196	-1577	4208	690	3185	2696	-102	-1101	3427	1161	-261	4309	543	4573	3859	868	-3752	-4904	-203	1737	-3419	2199	-4516	-4027	-3716	-2408	3463	-3249	4736	1799	-274	-3795	-1864	-1560	455	-1394	1885	-654	-3157	-169	3513	991	-2435	-1837	4172	-3500	-4880	-4929	4521
-1876	-496	-4351	284	379	-1253	1379	-3625	1757	-3595	-1213	3211	4874	2911	393	-131	223	1014	-2477	-3702	-3887	-3695	-4675	-3432	4248	395	-1883	2501	-4734	-767	-3228	-445	1933	814	3289	-3245	-974	325	-29	3251	-3061	2038	2757	-3040	4455	-1415	2342	-2405	-3514	4729	-4581	2937	-359	2993	2759	-825	2794	-1154	2985	890	-1214	-2895	-170	-3145	2973	-3346	0	2267	-4787	-3064	-2812	-4009	-3833	-1389	-2688	-3316	1212	4529	4190	-3926	883	4762	1309	-2829	199	-3705	-4645	-3675	2631	3124	3848	2697	2761	-1986	4640	-3550	1836	-511	206	-3158
2344	3537	-1957	4437	-2763	-2574	-703	79	-3438	3814	-2715	-2551	-3326	-1580	-2169	-1037	4336	-4383	3425	-2239	-1689	1355	-2517	3028	-14	-1047	2923	3862	-4841	1574	708	-646	-122	-4319	3243	4042	3634	-1292	3961	-2163	490	-3314	4577	-785	-2063	2176	238	-3893	-3855	4566	2994	1009	-4329	2552	-4560	-2889	-4299	1319	4357	-4239	1615	3065	-2573	-1928	195	4235	-2273	1350	-202	3668	3201	-339	-508	2695	-748	-3925	-972	121	3111	101	4754	-650	-3240	-4292	-908	-1888	3719	-869	113	-4564	4582	-3067	2425	652	-2292	-2711	-2017	-4151	-2679	394
-4312	3287	-12	460	505	1516	1338	-2559	2881	1835	-1564	1505	-2504	1288	-1656	-687	1478	-3792	-2882	-3712	-1869	-4359	-4083	4487	-841	2525	-2993	35	4532	2075	3575	24	-3089	-4551	-219	-10	-116	-3847	-2899	2380	-1182	2460	-3815	2055	1939	-3408	2668	-2741	2755	-854	2968	4408	-4328	-2315	2880	3040	94	-3489	2144	2269	1301	-2324	1396	1112	2711	-2545	3426	-2974	-4522	2808	4719	585	-1969	2389	-641	2236	-832	4233	4896	3123	212	764	-4815	4618	1405	4870	-4679	146	1096	-4422	-338	-823	-2048	2430	3400	520	-106	3155	2345	-426
-2486	1134	4125	-4426	612	-1251	-3776	3524	-3552	-330	3044	-4352	-3176	4519	855	-4633	3642	4430	-1917	-1080	-263	-382	4744	-3497	-989	1999	1270	2047	-3287	4819	4429	2050	-1630	620	4127	4683	-2781	-2348	-1071	2927	-2212	2445	-2470	-4297	-3231	4651	2231	2189	-2179	4167	-4921	715	-3384	-1036	-2027	-3403	-2852	-1808	1157	3542	2035	-3471	1686	459	-1596	-2323	-2530	-1008	3504	-4056	2861	3597	4721	-566	4880	1262	-1856	-2500	-4538	1507	-3880	-1992	-3786	-3981	762	-424	-1536	-2648	1897	4606	4483	-2023	3179	1465	4268	-3860	3707	-3708	-3244	4021
3905	439	-2909	4007	3030	3917	-4821	-2840	407	-1086	3430	4279	1748	-3979	-2548	2652	2046	2458	-3699	-3910	2422	1532	-3771	-3211	-3286	4502	508	1412	1607	-4042	-4182	658	-4397	-119	1975	-4213	-3441	4106	-3988	2431	-2422	-1881	-1547	3077	-4020	-2873	628	3695	3570	-3727	3417	-2866	-418	-2462	2091	-3788	17	-163	-2489	738	1758	-1495	-892	2734	-3958	2578	-1682	-3187	-3080	-2297	-2941	-4851	2469	2691	2240	4916	-3724	4000	1918	3955	-349	3129	-1898	-541	4599	-1521	-2510	-2012	2651	3137	2962	-4810	2322	-521	-1768	2338	4112	4718	3396	-4257
-3859	2789	-4017	3067	-2513	-2665	-4460	-3871	4285	4481	-172	1501	-1594	-1429	-2395	-4314	2867	-1789	1117	4395	-2142	3708	3690	4263	3840	221	-4404	-4855	3274	4741	3136	1473	2707	3526	-1909	208	3161	1846	305	-1998	-986	2102	1025	-3868	-1303	2803	-2626	4178	-3073	-2554	4022	-4048	-1368	-4616	1155	2582	-4520	-221	-849	-1348	3800	-98	2824	-1939	-2257	-3986	-2618	1648	-444	-243	2074	1928	-2717	2778	-844	3628	-3195	2595	-718	453	2119	-2106	4758	-2382	-1387	-4163	1966	-3766	-3468	-3051	4126	-674	-4574	-4544	1201	1140	-4722	-4461	-527	-3997
-3169	3912	4079	-2742	-3297	-4531	2561	-366	-4033	-1205	481	-174	-1713	-3530	2827	-3289	3321	2825	-3753	-401	-2090	4479	-4177	598	-3634	-1355	3790	-1608	3452	1577	4038	-500	2896	-3900	856	2608	-1561	-361	1819	4251	-3916	-2817	-4054	-1414	-2151	2395	-1763	2494	3721	-3499	4833	-997	-4601	-388	4919	-205	-4504	989	-3807	-3569	-3658	-1870	4912	547	-1078	-3362	1093	-740	-1800	-1885	4856	-3171	-2343	-1811	-4069	-1822	4875	-4692	1317	2581	4722	1613	4900	-4554	2620	1549	4207	-2703	472	-1413	1336	-1631	4438	705	289	-2788	-3984	-1807	-1628	448
3148	1028	1888	4266	-1695	-4998	-3748	982	226	3242	1770	909	2265	-1701	-1233	1964	-4908	-2958	-4071	-1022	1485	-1159	4675	-4108	-2321	-1854	-1042	3820	-2566	2262	-2891	1370	-4313	-1074	-4907	-1232	-1966	2159	1892	3645	2464	4791	-3850	-2328	-4145	-2429	-104	-4049	3610	4281	1917	4621	51	-3065	-642	1171	6	-2670	3214	-209	-886	-2851	4932	-4857	-1396	3103	-1435	-4315	4772	-2917	2530	-1518	-3496	4864	-1120	-3659	-1179	-2865	3363	-4631	3511	2298	3528	3092	4622	2776	3011	1462	4439	4474	-4011	-1427	3110	-2807	3849	2094	1075	3566	-3336	-4673
-3111	3779	2200	246	-3791	-988	3333	666	327	4267	-1820	2602	-1919	-3372	210	3105	1774	-971	-68	1741	-2631	-253	1413	-3701	97	-288	1409	354	3881	-1677	-2137	2717	3979	863	142	2701	2354	96	-1795	4203	65	4101	-3837	-3167	-1784	386	-3431	-1052	2340	-2557	4099	-888	-1981	-4416	3415	-2577	966	1899	3890	3712	-1256	-1409	-2637	-1817	-1570	4262	-4846	-3189	-4484	-3609	-3563	-4754	3639	3910	-4390	1430	-3363	-3662	336	-4405	3006	3993	2793	4681	2777	1056	4857	-722	-2943	-3265	-2560	5000	1837	1952	-830	3724	-3522	-4105	-745	1534
287	-1315	851	1870	-4980	4813	-2414	-4911	-1279	-256	-225	3701	3901	3740	-3130	-1002	4115	2405	1762	3472	809	-4116	1026	-2416	-2689	3861	-4623	-2483	-13	1659	1764	2607	-4259	2312	2368	-3840	2305	4860	-4181	4958	-1278	-1054	-1088	-1567	-416	913	1439	-3097	-2822	2452	4730	-3251	-847	3846	975	1519	-2456	4306	334	-1130	-2156	-1007	-4252	2472	-488	-3939	-3730	-2085	-4979	-1658	-4150	-3114	4100	197	2052	-3386	-452	3608	1546	-2290	1712	1225	-1712	-3424	3776	3646	1325	2531	-864	2564	4071	-1199	-1092	-1369	3487	3873	-1132	215	-4788	904
-1775	1568	-214	2784	2831	2009	-553	1616	3741	3617	-435	4469	3483	3992	4260	1797	-1419	-188	-3698	3325	2814	-4007	-2274	279	-757	648	-2159	4204	1181	-3011	2252	421	3018	2163	4442	972	-3190	1872	-455	-337	30	763	309	3122	-3547	1714	-1799	-3321	42	2332	-1967	609	-1046	-111	-4161	2934	3826	-4492	3440	136	-2272	-4499	1724	1726	4620	784	990	-4644	-3818	-1809	-4244	2301	1312	753	-4879	-4775	786	-3904	3583	-3722	-2010	877	1796	-4379	-2232	-437	-835	2188	2903	-1294	2538	-2164	2737	3618	597	739	-4824	-2442	3997	-3458
4370	-3718	3178	-1778	3362	-1901	-3591	2335	957	-599	3759	-1372	-4243	-1197	506	-4521	-926	232	-3463	2011	1831	2339	636	-3509	-4005	3499	-514	-4819	2065	-2660	-125	-3728	-4023	-4211	-862	4129	-1203	-2920	3226	-3844	87	782	4970	-824	-1566	2204	-2356	-1410	3539	-4348	1849	4746	-402	3232	-168	2076	-1787	149	2627	4868	1410	4073	-3765	-2619	1746	-1743	-4380	-2487	979	-4668	-2281	-354	-2962	-1788	4426	4323	-440	2202	-3599	1108	4650	-1606	-140	893	3989	-1661	2560	191	-1983	3413	4195	-526	-2439	-4766	-2182	-2221	-3682	3051	2821	-1937
-294	3661	-321	139	-397	512	3195	1705	-4864	2434	-3677	3107	-4387	1619	-3613	-2426	3331	3230	-4247	1769	2967	-2511	-3921	3303	1085	1012	-2424	1667	3458	-3647	2039	-1332	3789	-2677	3406	2700	3134	2212	4084	2089	-3082	-72	2381	-2417	1958	1387	3785	-250	-872	-1231	-2025	1848	-3209	-1750	3307	2165	2895	768	-2823	-4107	2716	-4745	-430	3403	-317	4703	-1735	3114	-2245	4544	2104	-1243	-2985	-2088	961	882	-3268	757	4752	120	-1426	-2877	4152	-3295	-2973	147	2261	1716	1687	-2796	-1812	-4797	7	-2200	-1574	4630	388	-85	-231	-4796
-842	-720	971	1102	-3487	-3139	2351	-4015	4647	-238	1315	1625	-63	-2955	1617	592	-1894	3812	-1186	-2431	107	4789	1221	-934	912	-4822	141	1280	-4924	-4895	-490	4027	382	-118	4706	-2254	-3948	910	901	4124	-2067	3733	-3003	3443	-3163	-1180	606	-2079	-3434	2498	-1121	634	-2404	2160	3970	-4309	-429	-1731	-2843	-32	3380	4902	1751	-4337	2692	-1711	1915	-3391	-1956	2693	-4776	-3134	-856	-2540	-2361	1293	2115	476	179	-4175	4586	-1011	-2538	-3725	3464	-4624	-3711	4352	-1482	-1945	-1867	2653	-4046	4637	3414	1844	1901	-2454	332	4380
1855	4723	-4718	-4593	3416	-2087	-1810	-549	2497	-4791	2791	727	-1439	4464	4664	-2024	1763	-446	-1142	-1543	-4235	-4549	-1697	-3324	3947	613	-1472	-3032	1875	1850	-2731	-3415	1840	3963	-2699	723	3818	-1400	447	3731	4971	4	-4191	-4588	-4298	-3331	-3503	1689	-4805	-4424	1035	-3147	4322	4257	-4717	3605	1640	4891	-3368	-1285	-3474	2964	106	-2575	-4489	198	-1137	-2428	-3025	1953	1395	-2503	4458	58	-1659	3877	-3877	-1929	-3076	2391	462	2509	-2233	537	1199	4291	1569	560	2375	-2178	4149	-1276	-2669	-602	-1649	187	-1176	-3179	-222	600
-1887	-2921	-3723	1266	796	-3578	-3737	-1847	-3587	1005	-1996	2127	2129	-1114	2398	3706	-2987	4055	2306	3863	4076	2260	-2392	-4977	3246	-268	-1497	3071	4985	1137	1626	3371	-2007	632	3348	-2191	-509	-3215	-996	-1576	237	-491	4885	-1882	4240	3804	-175	633	1138	429	3338	4002	-2004	-878	445	1638	4371	1277	3843	2772	-3664	-2597	742	1791	-4694	539	-2407	3064	192	3752	2703	-984	4434	-3248	-3556	-2223	-2150	-3008	3612	-1202	1821	-4202	-2870	3347	4947	4482	-4267	2622	1269	3482	-3568	4372	-1902	-2587	2292	-434	-4115	-1940	-3929	2741
2060	-2799	-1421	3544	299	1297	673	3515	-2893	1188	2809	-3749	-2979	-507	41	3397	1993	1381	-1408	-4495	368	-306	858	3233	503	4716	2566	1414	-810	3068	-574	-347	-1149	-1478	-1973	474	4166	362	3553	821	3689	3728	-2527	-1831	-4720	550	-2678	167	-838	-2547	4413	45	-1527	-1349	941	-2746	-1511	-3678	-3329	1655	-4340	1310	2783	-436	-1663	-640	-4959	3878	-3094	-1706	-4144	-3742	2570	-3819	2291	2399	4644	-3020	-367	4945	1327	-1147	-4530	1653	-2384	3816	3341	-2229	2680	245	4231	1351	-1565	2901	4739	39	-4196	3687	-1272	-1714
4198	2954	-1191	-2104	3010	-4110	546	-4922	4276	3667	-2944	28	-4135	4633	-4847	-3118	3586	3272	2704	2613	-1930	-3944	4822	3127	3190	-377	-2099	-1293	-442	1334	-3889	-4342	-691	-799	-1557	1452	4940	-2860	-1569	-3204	4139	575	1735	2610	732	-519	4131	-2102	2935	2983	2515	127	360	-4909	-1189	1231	3270	603	-4527	-3096	1982	-270	-3615	-4723	1486	-1211	4965	-3426	2066	-1803	-581	-4325	4562	486	-1583	2350	-1719	-4925	389	2990	-344	1422	-1634	-1745	77	-3389	-3755	1651	-1545	-1060	2735	2164	-4683	2024	-551	2731	2457	3009	-4670	-254
-749	-1234	4713	426	2362	-2833	2541	3571	4096	4472	3825	46	-2398	2492	-3596	-155	-1444	-2583	-2045	2635	840	1050	-2991	1859	1466	-634	2211	2383	1798	3086	2710	144	-3294	2466	-1364	4016	-1287	-788	-4188	3005	-658	-232	406	-2676	-2502	2575	-2716	-503	-3974	-77	-481	1118	1853	3548	3567	-4278	4920	-2358	-4699	-2695	1463	1809	-2830	1610	-4372	-3046	2118	3832	-2364	-1455	3154	-613	1073	3140	3954	-2354	-698	4688	-591	-1029	-2589	2367	1893	4422	-1767	-2779	-4706	2232	-688	-1406	1440	2523	434	-1776	184	1963	-3125	-3750	-1591	-584
3163	-340	4786	-1033	-4121	-1210	-981	3581	-4696	463	95	-801	1052	-2136	1740	-2549	-4671	-2652	2995	-1744	3939	4128	-1391	1972	4759	-3551	-900	-3744	-3451	1636	2042	3806	2916	-1209	2698	-4727	-2915	2088	557	-233	-4052	-1953	3715	173	2785	-3385	1662	-4269	718	-1949	2198	751	1189	-4438	-4073	4807	2931	-2961	-938	3868	582	-4368	3729	-1328	903	-4713	-573	1247	4991	1926	2379	-3285	2280	1884	4010	2174	-129	-943	1432	4557	-4887	4665	3409	-2484	1768	1747	1104	3050	1389	-1859	4116	2286	4545	-2105	-1828	-7	-619	3852	-4875	-3429
-3801	-978	449	-244	-2646	4452	-3480	2357	-2355	1558	-4374	2427	4365	1703	4047	-848	-4399	-4074	-2639	4135	-588	-2058	-1362	-269	836	-3188	-2475	3854	-804	2281	1192	4082	-4639	4783	1362	1305	-3110	2451	143	-4594	2470	-82	2092	-682	1663	-2060	-914	-4533	3778	-4003	3944	1925	-3291	-2043	-4185	962	-4290	-4410	-4353	-3585	-1772	-4690	3481	3842	-960	1745	-907	3929	-4955	4244	183	3632	-2642	2336	4017	4986	-2081	130	4312	662	3083	2672	1055	-4988	-1020	-41	3716	1023	3794	1133	892	3453	-4218	1284	-1019	-1229	1453	175	4211	1803
-3021	2207	-3601	-1979	4334	-2201	3497	-701	3746	-754	2237	3540	-1380	-706	3043	-716	-1326	4628	3410	3138	-3903	-4608	-3063	-532	1417	-1987	-282	-2220	-523	2908	-16	-2722	627	2359	4192	1890	-791	418	4506	2041	2377	-4906	1983	-3099	1047	-3490	1363	-2458	-945	1043	-182	4652	-4552	1575	38	1273	-4339	-420	2705	-3546	-2	-1550	-2819	-546	-2347	-921	-3588	2404	-751	4397	-4198	-2529	-79	-4666	2372	-257	-1152	-746	155	4092	3546	-935	3023	2219	2423	4493	-3674	-1722	1862	-669	1467	-4844	1122	-2835	776	-4628	1263	4684	4202	-3166
3682	-3863	-1982	4593	3880	1272	2309	2650	3700	510	-3745	4678	3636	618	-3217	-1538	-1721	-314	1154	4342	341	-3622	-1974	3517	-710	534	2583	-676	4376	-1782	-2977	-2074	-1615	71	-1249	-916	3648	2753	-389	4087	-1452	668	4255	-4476	-2914	644	-4485	997	-3555	4321	4511	1583	-1312	-662	-2668	3035	1588	1361	3220	402	-1730	4286	1986	-537	4555	2002	-399	458	-4647	-4845	2489	-4275	-1357	515	3987	4777	1749	2659	-486	-3740	1376	-2385	-4653	1145	-20	21	1571	1435	2446	-4343	4453	-2055	-2969	-3687	-1150	-4064	994	525	-4974	4054
-3310	-76	-2556	1285	2517	-3866	4771	3899	2863	-2418	777	-1849	409	3109	4685	-3763	-724	1044	3744	-1397	-35	-2215	2193	-1692	-1265	-176	-3539	4088	-1385	4663	766	-1781	-614	3378	3257	4105	2549	2062	845	3928	-3213	74	-3559	1732	-1028	1013	2360	-2684	3218	-2186	3	-2168	3087	3786	1136	-69	923	-3628	-139	3749	3900	-2601	-4229	-3392	1475	2161	-4137	-1206	-545	-4222	839	2961	1962	-255	-1586	117	1793	-2021	-3681	-2663	3766	-2942	2210	-334	649	2885	-3121	3292	-1620	2604	4906	935	4764	-2685	-3543	3780	-3010	-3000	1016	-379
-1920	-1225	4931	-4435	-2365	-151	-4333	-3319	-3869	93	-2593	2571	-4227	-2092	-3105	1380	4470	639	3726	2539	3240	-1629	3438	4039	-2864	-3453	217	-4170	695	4769	1783	-2022	-787	4717	2235	-1978	-4972	-1769	-2869	2751	1354	-181	1457	-1458	3933	-1587	-4902	-1907	4930	-4686	-161	2702	-696	-4318	4238	4399	-4279	-510	2272	-2525	2365	3029	3254	4384	4838	745	1700	-2628	-3450	-1388	-3238	3221	-1093	-4589	-3337	207	2987	-1087	-1309	-1156	4051	-409	653	-3159	-4912	3120	-264	-4418	-4658	317	2242	3153	194	1234	-733	3038	3084	-2226	1525	4461
-1110	-385	-4281	-4384	1820	-4087	-4962	1455	2277	-4100	-2667	2974	-1025	2110	1094	822	1218	399	329	2155	-1411	1806	4590	4612	-2379	-34	-3395	679	4937	3510	-3243	-3785	3250	-3541	-4632	-2072	-2170	-3001	4313	4989	3420	4355	916	-4626	-4306	1794	1957	-1834	-2357	-4349	4542	378	-1226	3683	4581	-1274	-3259	1268	1367	4909	2274	-2388	-1708	-2911	-3928	-2394	-333	-2030	-3810	275	456	1750	4221	-3960	541	-3604	2628	-4837	4964	-4403	4184	26	-3472	-834	3976	-1164	759	-2303	-364	4733	67	-1208	-2154	1777	-2825	-4441	-2640	-148	685	-4561
3365	2013	3533	3277	-464	-4978	-2876	-685	1873	-4695	-3129	-296	337	-150	2023	-4584	2087	-3909	-1338	-400	-495	-2468	1499	834	-283	-2247	-805	3764	3203	1727	-2692	-3924	-2108	3508	-1494	2126	-1151	-1486	-4088	2258	-1112	3998	-1960	-2263	4626	-3961	-132	-458	-4507	-3983	1209	4604	-4818	-4284	1441	-4503	4776	950	1597	3358	4294	3228	118	4498	1329	-2101	3535	59	-2568	743	-645	-2837	-328	2133	3407	-713	-3969	4217	-4773	-3313	1004	2997	70	4584	-3224	-520	1912	1253	4063	2516	4450	-3034	-4832	-4361	-195	-821	-1236	-1432	2067	295
-4562	-2452	-946	-783	4522	4118	-4457	-2138	4642	1756	-3570	-3901	-4026	3411	1733	-405	-497	-2444	-124	3032	1587	-836	3021	88	-2116	-2311	2878	1579	2396	-4463	853	-850	-1173	4086	4373	1278	92	-3495	2743	-2278	-2733	-915	-2094	2586	-2481	-2614	-1638	-4393	2860	-1241	-4125	870	-4307	3442	-3946	1304	2465	-357	-239	3423	356	-1125	4887	-2850	-610	68	417	798	-1169	-1924	2796	-4792	2103	507	1036	-3899	-4437	1984	1173	-1540	2887	2670	-1912	3850	-2814	-1183	2528	551	3485	-428	2645	-1006	-873	3858	-965	3014	4872	4567	4411	-260
-4532	3101	3210	-4910	1	4572	457	-1642	4317	-184	2221	-2196	2331	-3085	3624	1911	2904	-1610	4508	-2264	-1593	-494	-2693	1186	710	-4060	3431	-4573	988	352	4174	-2890	251	-4838	-2947	-3970	3908	-1891	-3422	2682	4025	-64	-2037	2073	4605	3514	-1537	-3467	-1133	357	4821	-3400	-1468	2638	-3934	2443	-4412	655	1156	-3202	-548	-2581	12	3727	4341	-1021	2064	2175	1162	-3635	-22	-4301	-3349	-4831	-4184	-2056	2061	1216	4161	-2155	638	2649	1787	64	244	3354	-4714	900	-1261	829	-1305	1580	404	4228	-1507	1782	3088	3072	-2789	-4536
-4680	2226	-276	-911	2484	1322	-2307	-1946	-4984	879	-3911	-689	3647	1511	-3044	-1793	3113	4839	3142	344	-3913	-3806	2853	1066	3247	1434	-3014	4527	-3066	4844	2409	1062	1024	-2698	3975	-1683	-4123	4354	-4749	4476	-368	2137	-450	4311	-3242	323	-1282	-4059	2392	-2546	-4553	-2378	-4511	-1896	-4825	-1627	4592	1977	3498	949	4846	3735	-2793	-4547	-3335	-579	837	4949	1200	663	1391	-625	-1690	4990	-3087	-615	1448	3956	-3526	4332	-1665	-229	-2314	-1382	-90	3641	-360	-1365	-3955	-3923	4698	-4176	-1487	-887	-1248	-1376	1641	1348	4911	-563
-61	3381	-4862	-3153	-3055	-3830	-4254	-422	261	3844	1082	2683	880	1522	-1954	-1340	-1889	2998	2940	3965	2255	3931	-4012	811	1506	-216	1425	-4039	1069	2151	-1941	57	-3917	4669	4036	291	-2508	4185	2600	-1166	1160	-1275	-3068	-33	-612	-3693	3469	-3777	-3350	4854	2369	-2455	-4136	-829	-3234	2817	-1553	-755	4142	4933	-2270	398	-983	4329	-589	-3589	-1710	-4388	2228	577	4595	-117	-1106	-3229	-2784	-4496	-2344	4957	-1339	-2109	-786	1300	-3671	2926	-3049	921	862	-3692	1816	-3673	2384	-4165	3973	-3707	4610	2476	2871	-1034	1826	-3935
2491	-2526	-4097	-1645	2991	-1950	1135	3132	1684	4795	-3106	-55	2938	4774	-1195	-3890	4396	-305	-4425	-771	3295	-1273	4564	342	2958	-3237	-3772	-3340	-2600	-2827	-3534	488	3405	-1451	3606	4337	3529	2942	1198	2361	-1720	2323	-4513	-3738	-4305	-198	3725	2014	4488	-4310	1446	2388	333	1067	3811	596	3796	1072	1177	-1971	-796	384	4855	4976	2854	1960	-3583	224	-4451	-905	-4113	4841	-715	496	2763	-123	148	1165	522	-837	1775	-3449	-4355	841	3819	-196	4223	-378	-1911	-3721	3461	2708	-3950	-2752	911	2746	-2019	-1425	2449	-1826
102	689	958	-2758	-2342	-4194	119	-4428	4138	-1204	-2194	-2253	-1871	3679	-4043	3269	-411	-3430	-74	4405	-4619	1051	-4220	1109	1935	-4327	2684	-48	576	1092	-3427	1127	1471	-1336	-592	-1506	-154	1545	3219	-413	2773	-8	984	-792	3914	1524	3160	2601	4882	405	1311	2461	-1031	-115	-515	-224	2436	-227	-3812	1639	-1582	1063	-1836	-4270	-827	1331	-4131	-2803	-1174	-4916	-3466	-552	-1257	-4936	894	-1532	2121	73	190	-2015	1843	-4171	2540	4908	-2762	4541	-3201	1594	-2542	-3894	2374	-4913	4611	1428	3308	3799	2849	-3885	2029	-390
3723	3271	2128	-92	3596	2283	3343	1517	4895	529	-3782	300	3356	-1423	2555	-4025	-807	4935	-180	4045	1773	-2219	1132	-966	2507	-1281	-1484	4638	1990	-3729	-206	1780	556	-1219	-1361	-987	1217	2979	-2131	452	3001	3948	-3512	-2127	-3476	-3462	-1827	1604	-3007	-2434	2922	-4032	4475	1678	-2173	-1118	2278	-4719	-4794	-2509	-4627	1049	1817	-4421	-3686	3202	-3029	1246	-743	-152	-3582	3767	3460	-3811	4480	676	-3347	621	-2976	4580	2385	4720	3501	2606	2020	1665	2818	595	-1512	-2674	-171	-310	1942	-4037	2624	1810	2310	4264	1947	1818
2057	-598	-4276	-3892	-2413	-4883	-1378	-2383	4030	3623	2056	1251	2712	-4528	-629	-2773	4748	2675	-2735	-4502	-2621	4632	33	-3149	-649	-3618	-949	2596	1256	-3456	-2690	-4737	-2334	684	3158	-3300	-2211	3520	-3174	3324	970	-555	-1868	-2123	-4996	1071	-4362	-1686	-4871	108	2844	2512	770	3428	1708	-2713	-2666	-3853	1238	-4200	-4662	-4479	3909	1239	-2834	2626	3143	4792	-4376	-3230	-2806	4409	-4898	-3565	1340	2493	-3150	-234	-4621	-1412	-1200	931	2897	2293	-312	-1965	-4524	-1977	2879	-3733	-673	4763	-2841	-618	-1246	-3405	4588	2282	-627	619
-4968	-1556	-2427	-4490	1981	-487	-4999	61	-3334	-1129	-2269	1550	3337	-4448	2019	4928	4725	-3309	4284	-4414	-2989	793	3290	3885	-1707	1497	-4112	-4082	-2675	1623	4740	681	2216	4351	-2276	774	-88	4299	-2466	-1140	2662	-1756	3060	-1466	-572	3977	610	466	-3856	3981	-2659	4104	4141	-2633	-2492	3870	-3288	-1040	310	-4572	2479	-2956	1184	1842	-3623	-1433	3911	1000	-1801	-3119	2729	-1621	4977	579	266	-94	2842	-1091	340	1495	726	731	-4681	-1283	-3460	-3857	-3194	-2797	-4852	-1393	-3907	3235	-4240	2227	1592	1645	-2497	542	-1884	3224
2558	2131	-4771	-4168	-4050	-3222	-2493	-4903	-2653	-3375	-2103	-4890	2556	564	3988	-3127	-531	-4829	-2599	-1717	571	2106	-4473	320	1923	-1077	2487	-386	63	-3502	-3800	2355	1635	-2507	-3071	-964	4435	3739	-2951	-2937	2006	236	-1018	-4641	-3022	1559	-3132	-2965	-1640	-109	2005	4300	3662	4524	-3808	-448	-953	-2744	-4568	-4271	1168	3614	-1681	-4491	2208	703	4398	2676	-372	4735	-4500	-944	-3303	-23	-2491	-1520	787	-998	2490	3045	3367	1675	116	4003	4862	2223	-4519	-1736	-3881	2287	4510	1752	-3813	1514	-3274	584	2953	-2187	3887	-289
-4086	-4954	-4058	-147	3106	2959	219	4308	-4609	-741	2758	545	2687	2633	-2885	1693	-4535	-4475	3316	-3183	-936	2780	2101	-4873	4765	-1508	4359	1123	-3995	4386	-4859	242	4346	1910	-1780	-4515	2296	36	-1442	-4559	-2537	397	2330	2830	3784	1233	1015	-2400	3404	444	-2656	-1342	4775	4213	-2230	4271	-130	-456	4151	758	-2134	-2634	-3498	-1456	-1476	-781	2025	661	1879	4959	1906	3633	-2561	2036	-3175	4451	3563	-4260	-1301	-4939	-3637	-281	2929	3613	2114	-178	-1330	-3098	-1	2590	1416	2637	790	1149	-4378	-197	4793	993	-419	-3655
2894	-4143	-4682	-2728	-1770	-2858	2851	482	-3977	1166	1596	4390	3768	-702	373	765	-166	1668	3361	-1514	4416	-1732	-950	2939	-4540	-1994	2481	-2248	-2782	1275	4707	-2940	3958	-4487	-4900	2754	2145	2859	2820	4760	599	2044	-394	-2393	1180	-4018	4533	640	2459	2421	-3554	89	-3504	567	1472	-4157	936	-4192	590	-2658	-4481	-1068	-1337	-559	1383	-3851	4293	2971	2760	-4061	400	4659	3198	-4599	-4094	-3754	4064	-870	-2312	-2430	-1465	-4558	-630	1682	-3610	381	3139	165	1252	-617	4755	-3743	-2485	-3651	361	-2073	-633	3315	-350	-4249
3704	-4245	2032	605	-1705	4209	881	-2878	60	316	891	4290	2632	-3036	-3416	-272	-4264	-632	4910	4998	3772	1834	-3018	4951	-2494	1011	667	4353	-3411	1567	-879	-3284	-2533	3969	-3508	2862	1800	2329	-1915	-4550	-3062	1608	-316	812	3314	1407	-4606	702	239	-2369	-1718	3897	-3469	3057	2643	-439	-2258	3007	2744	-476	-2244	4026	3595	-2377	2146	3419	109	-2720	4607	-3829	-3656	-4201	1326	2787	4691	-3507	2864	-3108	838	1652	-2872	2557	-2801	-2451	4673	-223	-516	1586	3207	-58	-4803	-2571	1868	3869	-2066	-524	90	-1752	1083	635
2640	3607	-1227	2049	-4882	-2028	437	-747	-1759	2264	-136	3658	4715	3971	-4482	1542	-4849	3698	3125	4563	3635	3705	-692	-1900	1961	2802	-3852	1344	-4935	-2673	4643	-3177	-3653	23	562	3579	1341	4634	-2739	-2353	-1190	-2049	3565	-3513	1533	-504	-4945	-2351	3091	3994	3126	-4232	234	2603	-2449	-890	-4760	-794	-4409	-3579	-4047	-1853	-2809	3837	10	1907	3080	-2146	-3266	932	-995	-2839	-1477	-2622	4158	-4782	4978	3758	-4729	-4246	-3302	-2209	-2756	2975	-2687	-1116	-2934	3622	3538	4518	3857	-326	-3216	1557	2230	-1313	-1067	-569	-780	306
231	-478	-2285	1624	-1417	-4753	3611	-3433	-820	3258	-1641	1151	2965	-1703	566	2435	4020	-3993	3946	-3943	2233	2333	-303	3399	-3820	-470	1250	-3344	4383	-2901	-1269	2320	-4964	-3315	280	-1984	-3985	2836	424	2721	-3086	-3717	-1461	3680	-101	-3843	3839	-3963	2027	-920	-133	2936	-1519	2966	785	2467	3580	807	-4780	4851	3330	3554	-2144	750	4418	2397	2433	240	3996	2197	1871	-2293	4576	-1247	-2341	-1666	954	873	1512	-1918	4069	-1184	1860	4619	4318	-1734	-1857	-668	-2682	2951	-4990	1020	1347	-1230	3945	3531	-4464	3791	-1474	-3841
-874	1792	1320	-1291	4348	740	-1678	3164	-4371	-2612	3748	-3218	2544	-556	1945	996	-3420	-62	2848	-4447	-506	3167	-1841	819	-1938	-2580	-2515	1114	-1906	-4835	-1437	2411	-4381	-3470	-3050	-4295	4143	-1390	-1668	-3423	-2126	-4693	-2184	4923	3073	4229	4549	-4268	3621	-3379	-1724	3116	3359	-4566	-1764	531	1298	1175	-1688	-4874	4075	-3482	20	4196	-3207	3757	-2661	3147	514	-2046	-137	-1350	-2020	-1794	4929	438	3836	3115	-2110	3264	2666	2925	-3510	3519	-212	-3774	-3142	3847	872	2203	831	677	2905	1105	-2157	-3185	-2016	-2308	1445	1443
930	-4459	2618	-2919	2162	-2301	4554	-2471	2097	3651	-410	-4053	-4466	152	-4603	-3624	568	1206	2857	1289	4044	4492	1388	1956	-2433	-4514	526	-2980	3495	-2847	-542	-1530	3830	3718	-2139	370	3942	3061	-1438	-2787	4624	-4320	2565	2068	4292	-2883	-967	2241	-2401	3711	-2176	4497	1985	-66	-2691	3798	-4162	-3281	2290	-4992	4375	3216	-4963	2656	-2250	-2696	-4166	-2704	-4102	3310	4946	-550	-4820	3285	4460	-3262	-4712	925	2677	1099	4374	1003	1695	-4274	-4642	-1157	4154	163	-3035	3660	-603	-677	1223	558	-2148	-1865	-4394	1261	4800	-138
-391	37	1089	-200	3496	-2038	-1155	4679	372	-4590	1274	-86	-809	330	2053	1384	-4941	442	3541	3446	4505	484	3165	1523	-2042	-2185	-4283	3834	-2800	3574	709	-4869	4943	4993	741	1785	-2959	2158	-2181	-4154	-1975	-2240	1543	4432	-1607	1460	-4401	1458	-2464	4060	-1926	-1123	-3676	3003	-1105	2143	-1323	3108	-1500	-2266	4955	-5	656	2518	4700	-4277	-1748	-1192	2832	-3013	-241	-4710	4467	1515	-948	391	-3643	-120	-1416	3176	-2381	-3670	4404	1459	-2277	-4411	4773	-3794	-3805	2899	-2279	4029	-4458	3841	-4155	-1910	-1023	2177	205	-4293
4034	4897	-2954	-1599	3054	-1462	-1970	-3553	-369	-582	4927	1183	-4389	229	-2727	19	665	1503	1228	2660	1922	-2309	-2118	358	4667	-3459	561	-2874	-2459	-639	-4763	-2602	-1879	792	-4248	-2555	-417	2105	-1874	2889	-2564	-3990	2206	3462	-2949	538	-1676	3436	2728	2033	783	-4385	1299	-3562	-1094	-134	-4598	-4928	3895	-2406	-2340	-1418	2093	-4133	-2929	3730	-605	-3070	-2121	-248	-3226	4328	4367	-1673	4108	-586	-937	-164	-666	32	680	1148	824	243	4751	4587	-1632	3353	-3301	-1375	-1524	-675	-427	-3775	4674	-3654	1959	-2026	-4057	-4022
-3079	-3845	902	2356	2775	1504	1865	-621	-1572	2268	3334	-955	2720	-1470	4710	-2228	-67	-4905	3691	-2367	-21	2893	3434	659	-447	-648	2245	4234	3070	464	3104	2302	-2996	-2479	286	1715	1158	-1813	4500	2888	-762	-4648	1812	-2141	-3560	-4689	4485	1913	803	4194	4693	664	-1450	3193	-583	-110	-3849	-4660	-4817	674	-4156	3079	2170	3676	896	2138	-1531	-1602	166	-528	4847	-3898	-3488	1771	624	-2177	-2175	-2050	-663	282	-2826	-3382	4516	283	2970	-371	-4160	-3611	-2772	573	4447	1642	672	-816	1656	3593	-2924	4550	2920	-2403
3833	-1003	-763	2424	-2262	-28	-4901	3474	3412	-4667	4095	-1310	2239	1087	-1995	2414	3552	-4212	-2423	-2522	4934	-4478	502	-3376	2673	-4809	-790	2907	730	1433	532	-159	-1846	5	-3715	14	3755	3637	-875	907	-1244	2420	1992	2224	-2641	-4019	-3533	4757	-1715	3097	3441	-3580	2829	-1908	587	-893	1681	4585	-30	3459	4382	756	4921	3121	-165	4829	3300	-4850	2840	3935	2781	2714	4636	-2664	1991	3853	737	-1648	2877	269	-1144	-2933	3547	1106	-4159	-3524	-898	4258	-4287	-3407	2554	1731	4419	2612	4477	3545	-1185	-1942	-84	-4051
-2158	2567	-1704	4616	842	-3005	4536	-4506	-3561	-1436	4122	1765	-3685	4560	-2615	-246	2083	-3354	-40	-3954	-2928	-1262	4893	2890	-1201	-471	-2913	-4613	-3799	1242	-415	1208	3205	-4866	-941	4820	4666	-4512	-2732	2866	2769	2205	1464	-2725	804	-1485	-2192	-3816	-4735	-1138	-482	196	-1988	-4078	-4765	1978	-300	-50	-2390	-4063	-4407	56	-345	946	2313	-2552	-2291	2390	-4943	-4952	847	3448	4507	1781	216	2614	2477	-4830	1852	-3839	833	4168	-4234	-4801	509	-756	1968	3609	-1306	-1535	-839	-1742	189	-39	4134	-4104	4145	-819	2337	-2448
-2093	1333	-2562	-298	-962	2661	2021	3754	1019	346	-1280	2150	-49	3351	-4288	-4231	4878	3951	-3896	-4973	-4173	1878	4199	-2930	-3282	-4839	-1041	878	1021	2841	-2069	-1578	2767	-4190	1153	-2931	1669	-4077	2685	-194	1526	-1592	4130	2098	-1558	4569	3168	-2078	552	-2352	-107	-4346	-1334	348	-335	-4334	-4036	-2216	844	4094	1125	4436	293	-2370	-1178	-2035	-1030	3684	775	3191	-721	1795	202	-1136	-4382	2816	-567	4446	-2578	-2339	-1914	-3342	-770	-2816	4466	2218	-4186	4265	2756	-2757	3669	2902	1037	-2006	937	-3657	-4580	-800	1139	-157
-1499	2347	-587	-4041	25	4388	-499	-2846	3206	-2904	3867	-3425	789	471	-433	-4034	4785	4539	3022	772	-803	-607	2439	-4691	518	376	-631	1531	2874	-1459	-311	1113	-3095	-2013	4310	-729	4176	3856	1494	4298	-758	4316	-329	-2313	-4345	-45	985	1385	-453	3655	-2505	-1568	2732	2196	3222	-3045	2945	-2333	-4563	-3835	4537	-3136	4366	-2202	-2084	4358	-271	3059	860	3809	-3644	3034	4018	3471	-2488	-737	2448	446	-1217	4117	1823	1605	-2373	-70	3128	-2330	-2259	908	3550	-4363	174	-1449	528	-954	2190	4904	2407	-2655	124	4598
572	-2119	4517	1630	825	-3987	-2362	-2534	-2495	-4126	415	-2871	-4178	-3117	4883	2919	2738	-2304	843	-4265	1169	1194	-2062	4631	-4158	1107	-2001	2941	828	-1270	724	-734	-251	-2336	647	3263	3090	-1850	3824	-957	1178	-3529	3456	3408	-3875	2532	-493	-4429	-2140	4006	1307	-249	4155	-1585	-1959	-3706	2214	375	519	-1858	-711	3388	1830	4806	1919	1979	4705	1193	-3672	-1693	-322	2185	4057	2181	-193	-728	-4044	-1012	1742	1059	-3998	-3996	-3494	-1964	-4948	-2389	1076	3924	-3912	-3982	-811	-577	2873	-4991	288	2750	-3123	-525	-1651	-871
-1892	-903	3930	2222	3384	-3093	-2536	-3227	-1823	-1081	-4950	-1509	-851	2349	-672	181	697	-2113	1375	2072	3373	-2802	1408	-1848	-3135	3828	-2730	-2044	1729	3640	-4021	-3914	2837	1948	-3731	4801	2529	-2107	1603	1593	-2003	-4004	4540	1802	351	-431	4926	2015	3521	-3790	-3461	281	2833	850	-2368	-266	1760	-2785	-4764	4766	-4726	2681	-3280	-4969	4767	942	4241	-3832	-4595	-772	-1948	3638	-4008	2807	-4885	1658	-27	-2611	1303	-2927	3317	4994	788	3831	3576	4879	-3072	4173	4032	-644	3678	4553	4381	-2926	-3684	3157	-1038	3076	-1329	-1268
-2898	-759	2823	-4725	2378	4123	-4953	-2971	4066	-902	3196	-4255	201	-2539	-1043	-753	-3956	126	-818	2447	1576	-2978	3865	-4242	1143	-4582	2733	1121	4468	-3689	-342	-4219	2521	1110	2634	-1343	3532	-961	2764	-2441	-655	704	-3448	-4951	2648	513	267	4780	4890	4689	4778	-2950	-3834	-179	2247	-3484	4188	3455	-860	-2268	-237	-1216	-145	516	-760	-3253	1034	-694	3395	-4646	1707	4600	-1049	-1773	-3703	1339	2952	-2089	-1562	-2225	-2657	1825	2891	182	3280	-4045	4903	4019	3889	4528	1078	1006	3985	-381	-1331	-1637	3145	4779	-1366	1674
-4122	451	2478	4148	1245	-1855	-1862	-1109	290	767	3578	450	104	-1740	1232	-2147	2591	-606	974	3424	2082	3493	2599	-1725	-2897	-3272	-3680	2248	3742	27	2996	498	-4326	-3241	218	-789	-1428	-4672	4747	4788	-2856	-4578	-4918	1869	-4167	-3778	965	-4250	3033	1521	-3397	-4280	-2506	-2029	-840	867	-769	-4187	-1609	3188	1002	-731	4230	3751	-3598	-3348	625	3822	744	4578	4992	3943	-3059	2034	1243	2510	1552	1916	-1903	4315	-580	-4893	-2719	227	-1549	-4800	-3338	-4569	-3269	-4543	-4870	2386	1595	-299	2847	-910	-1304	1267	-1064	926
-2957	2568	4547	-467	319	-3417	263	-2881	4333	1551	4253	1479	2742	4274	-725	-1972	-991	-3704	-4505	-3817	4144	-806	-3665	-2907	-3339	2473	3275	1618	-4774	-2815	-3250	-3884	918	-97	4873	-3787	209	1719	-3683	-3920	4278	-4442	4015	-700	4987	-3952	645	-1258	2300	-2596	1541	2324	-3102	1660	-554	4699	-3826	3615	-46	1789	1688	-2238	601	602	-530	4668	3770	2678	-2345	-4677	-121	3082	3773	-6	3401	2805	-3225	1573	-454	-3932	-1601	898	-1317	3743	-1821	-3465	-540	-2824	-1165	905	-1653	-2981	4113	-3271	2928	2441	-1035	-474	-1005	-1541
4363	4421	4183	2276	-1104	3346	4830	1030	-3258	318	-2849	1147	3189	-3181	-3170	-4132	2948	1876	2577	-3212	-4944	1259	-4103	2536	-2222	-2478	998	-4272	4005	-2396	-3016	1332	701	4840	-2880	433	-2114	-2319	4236	-643	-4090	4597	2810	920	-1493	4214	-2498	3694	917	808	2213	1841	-3475	-4709	-4180	-2302	2605	-982	-279	4842	-518	4220	-1824	4512	2496	-297	3237	-3327	-3452	2768	1423	2900	-4600	4543	-284	-2210	-768	-2380	-2122	128	3763	-4453	967	-2098	-4575	2806	-278	-1059	4750	-3720	-1726	1279	-363	3879	1276	-3694	-4068	-3292	4561	3569
1881	-4236	4484	-1048	335	2548	-4031	-2112	-3608	312	-1839	4160	-3978	-1145	-885	2257	4925	2358	-1890	2657	4345	-2948	4111	-1198	-1404	2563	-1238	321	3379	1661	-3069	-2437	4704	-1851	2001	4865	2217	-3593	-2128	4894	729	-4055	-4024	132	2826	-2115	2876	-3762	4287	4335	1349	2981	-1515	-4518	-4439	-1829	-1766	1366	2123	4936	-259	2079	-4081	4222	630	3604	-3957	3564	2179	1857	3967	-3571	3765	-3373	-373	2263	2674	-2630	1664	2870	-2117	4454	-4565	1219	4013	-798	-2031	593	-2565	-1113	-408	-3191	-2903	-1980	-4395	-4983	-2288	-4816	-4128	55
3173	2550	2303	-4365	-3697	-3619	1591	4657	-2990	-4638	1995	-114	-2041	1018	-275	2136	4046	-160	-1534	-4300	3265	1562	-1374	-2836	1946	4568	-4080	1046	468	-1687	-4450	-933	1302	3162	2834	-2472	-277	1509	-1371	2413	359	4224	-4093	4889	1119	-4556	3736	1421	-1691	301	4120	-3412	50	1508	-290	4406	-1479	-3764	-4655	4459	-2519	-1738	-2320	-3152	4162	-2650	-1555	3184	4546	-2632	4169	3851	4093	-861	1657	2099	3500	3012	2187	-859	-1345	3898	-3277	-1065	1235	1406	-3092	-2410	3677	4790	-1062	-3751	115	-3931	3974	-522	-2124	-3536	-761	-2805
4899	-3369	-568	-1517	714	-4586	-4316	2872	-449	3827	-451	-1819	-91	706	2508	411	272	3015	-795	363	-1399	-1044	-1510	-4920	4103	2569	-4865	-213	4711	4356	4784	-4273	1437	3894	1555	2418	-3967	1634	-2707	-211	924	1672	-4812	1932	1697	3256	919	-1603	-3378	-320	-4509	-3039	-4076	2688	-973	-3037	4077	-1089	-3428	-2662	559	2884	1622	-1057	-4571	-1017	2812	-463	4645	504	-43	-707	-348	1779	-3626	3376	-4241	-2759	396	4749	-815	-2855	-3214	-3620	4828	-1655	-2748	1386	-665	-469	1776	-3940	3745	4254	-1051	-1528	477	-3081	86	-3091
-2861	1314	4869	1070	781	2537	76	4499	4444	687	2279	-833	1027	-3691	-2780	-812	-3186	-4783	-2723	-3576	-3455	-1322	818	-4751	3549	-1242	1419	4078	-571	-2544	-4652	1185	-3876	-2217	-4377	-1222	1867	4414	1851	4098	755	-4354	-105	-876	-3015	-2227	254	-4172	-2346	4953	-3930	-2375	-242	-1922	1496	3259	-897	-1533	1813	3281	1257	614	1226	4974	-2644	3099	4347	2978	1400	-1765	-4781	1874	3802	-845	3525	2070	2944	1017	1141	4724	3390	-412	-3538	-3006	1484	4114	-2563	-141	-2635	-2768	-1134	-1139	-1163	852	871	-3564	3492	-2734	-4193	1998
-4013	383	1048	4191	4136	-2738	491	-4440	-108	3217	185	586	-4294	-3383	-4010	-3874	2125	-2363	-4697	1230	3737	-597	3713	-1563	4658	-3358	-1379	-3479	-3873	-1441	1057	22	-3616	-2790	4059	-4707	4794	3355	1271	-2198	-3409	594	-374	-4364	2249	3069	4565	-3026	-4892	2382	3875	2718	-4868	-4863	3512	-4853	-3028	-3473	3480	-813	-4350	2655	-1464	2972	-1791	-802	854	1941	1778	973	-4256	3907	1202	1393	4175	-1445	-2528	-778	-1581	3186	-1626	-2795	-3031	-3254	2639	-1220	4613	-932	-60	646	-2386	-3545	2018	-1308	1974	3159	-199	2835	4067	-4226
328	-2143	-3393	-2828	4280	138	2122	-2964	3883	-1746	-3290	-393	2142	425	-2436	-1237	4982	2679	2141	-1082	-4688	574	2234	-1880	4193	-3640	3808	3957	-1090	-3233	3775	959	-544	2669	-3650	-4966	583	1431	2167	3795	-398	-4813	4338	-2791	-1335	4694	-4408	-1539	2747	-931	3845	3454	-2174	-3399	-3220	188	-2535	2828	2112	-1117	53	-1751	2043	-95	2788	-383	2077	-2853	4662	-4525	2084	-2415	-2906	1643	4080	-1895	-575	4877	-2482	846	915	-1325	-4650	3386	-529	3734	2592	-4146	4654	-4790	3046	848	-992	2543	-3602	897	4623	-726	253	-2167
-2499	2795	4219	3630	4646	1450	3649	-4096	1007	3149	-1170	2574	3016	3175	4968	-1932	2045	3980	-4768	353	4387	-3809	-1483	-1747	-4981	4012	3074	4339	1342	-153	-3481	-3864	-4251	-1679	-1674	-459	-596	-585	-2294	2086	3753	3027	171	1738	4427	3283	-56	-2594	4496	2393	-2625	1691	-135	1491	-1055	2108	1022	-2111	3793	-3084	-3854	-3148	-4095	1589	-4529	3236	2739	2426	4596	-1363	3921	-3735	-4889	-626	489	-1359	-1053	-1446	-100	-2604	-3757	2054	771	816	347	1544	3978	-4431	-4465	-2804	-4886	-3043	-2421	3479	-1344	278	1236	-3328	1673	1940
-4477	4140	214	4714	-4443	81	4601	-2550	-4127	4212	-4635	1167	169	-1684	3262	-3279	-3968	-75	-2420	-2671	-2887	157	4836	1068	-4570	4570	-2231	951	1717	-466	3652	-3975	2069	1633	-4814	1943	-889	-4740	-3361	3750	-4858	2111	390	671	-4467	-3353	4863	4412	-651	2943	-3938	-1516	2246	-2195	3916	-4233	-659	-304	530	-4419	-4961	-4724	-2760	-3138	2468	-1904	2148	-1475	-2992	-1240	-2627	-2252	-4548	-293	-719	-204	1489	-3247	-2810	2819	-3088	-2033	-4065	4608	-3261	-3263	2715	364	4905	-2718	-3520	3078	-1779	691	4259	2910	-1384	3777	2140	-679
934	-2162	-2531	-857	3516	1699	-608	-4066	1602	-2135	4852	-1728	-4756	-87	303	-336	-1076	3656	-1559	-4471	-1289	-1401	-4072	-3511	436	-4402	1805	-1009	4110	-4926	-358	-3182	-4130	1584	-2960	4948	4525	-3223	-4545	-189	151	-3113	3904	-4147	2587	-562	4448	1039	-1544	4677	876	-535	-1124	2511	4049	4083	4609	-3172	-2180	-4643	-4634	3577	-2794	2621	-4225	-323	-852	-498	3066	-2726	-4731	-3057	-723	2455	1903	-1254	-867	-185	1222	3671	-3396	1394	4445	2334	3387	-3056	159	4583	44	-858	3284	2341	-4721	-2818	-3631	3349	-93	1845	1442	-884
